id,from_loc_id,to_loc_id,distance
301,4,5,11363.82203
302,4,6,9548.301138
303,4,7,10888.12647
304,4,8,4065.791133
305,4,9,14626.53577
306,4,10,4672.250365
307,4,11,5404.122152
308,4,12,3072.761833
309,4,13,7428.193116
310,4,14,10856.31011
311,4,15,13346.16349
312,4,16,11983.52929
313,4,17,13551.84846
314,4,18,10517.73988
315,4,19,16235.42856
316,4,20,11265.37023
317,4,21,12745.64295
318,4,22,13762.47067
319,4,23,7214.241693
320,4,24,13525.78881
321,4,25,7334.830679
322,4,26,11010.7193
323,4,27,5310.503756
324,4,28,7564.578718
325,4,29,10159.21508
326,4,30,3818.370756
327,4,31,11297.8618
328,4,32,9067.519071
329,4,33,13706.10133
330,4,34,14017.26318
331,4,35,7018.234804
332,4,36,6783.772811
333,4,37,14342.38173
334,4,38,17097.18406
335,4,39,8743.475373
336,4,40,5202.143043
337,4,41,15246.5213
338,4,42,3231.662355
339,4,43,10061.66416
340,4,44,5697.240757
341,4,45,4434.051388
342,4,46,6137.306328
343,4,47,3264.951179
344,4,48,17165.73687
345,4,49,10245.78102
346,4,50,17006.25114
347,4,51,14434.27084
348,4,52,11959.48659
349,4,53,6084.917308
350,4,54,17021.41606
351,4,55,12827.27129
352,4,56,10534.42739
353,4,57,6022.319917
354,4,58,13757.5614
355,4,59,18442.10849
356,4,60,15080.99288
357,4,61,11783.98442
358,4,62,13492.31841
359,4,63,11488.06388
360,4,64,12080.25157
361,4,65,9551.667517
362,4,66,17463.16502
363,4,67,7422.959734
364,4,68,11591.79986
365,4,69,14801.26168
366,4,70,2082.434498
367,4,71,12411.22031
368,4,72,5096.025806
369,4,73,6353.141286
370,4,74,6356.693391
371,4,75,7181.397416
372,4,76,7474.303287
373,4,77,15820.05222
374,4,78,373.7709251
375,4,79,14476.24884
376,4,80,15217.21021
377,4,81,8849.456955
378,4,82,15969.20693
379,4,83,13618.08074
380,4,84,6297.234091
381,4,85,15235.13164
382,4,86,14494.66687
383,4,87,8664.925586
384,4,88,6677.17786
385,4,89,14470.27225
386,4,90,15813.49406
387,4,91,14625.83641
388,4,92,8939.826305
389,4,93,8312.140579
390,4,94,8381.307917
391,4,95,13812.90078
392,4,96,8303.458575
393,4,97,6197.252555
394,4,98,17394.70504
395,4,99,5710.153456
396,4,100,10877.35432
397,5,1,8125.517451
398,5,2,8836.214566
399,5,3,9516.827814
400,5,4,11363.82203
701,8,9,17985.09383
702,8,10,6134.830867
703,8,11,9034.742932
704,8,12,6984.462487
705,8,13,3461.904266
706,8,14,13709.6726
707,8,15,17406.52123
708,8,16,13500.80776
709,8,17,10281.34023
710,8,18,14227.41662
711,8,19,12194.47175
712,8,20,7204.364464
713,8,21,16801.45883
714,8,22,17805.79113
715,8,23,3169.462882
716,8,24,17451.4322
717,8,25,7893.198632
718,8,26,7017.548768
719,8,27,5955.543176
720,8,28,3834.420065
721,8,29,6312.724515
722,8,30,6475.50344
723,8,31,9340.630604
724,8,32,12720.20125
725,8,33,11177.14815
726,8,34,17917.17995
727,8,35,2952.489709
728,8,36,2918.966167
729,8,37,10380.44264
730,8,38,14041.47664
731,8,39,8894.791444
732,8,40,4606.409476
733,8,41,19206.9031
734,8,42,5715.966557
735,8,43,12412.23975
736,8,44,1676.259398
737,8,45,8493.052603
738,8,46,9676.038487
739,8,47,7143.938372
740,8,48,18279.20286
741,8,49,10769.74511
742,8,50,18024.70488
743,8,51,18433.34291
744,8,52,9728.765894
745,8,53,6375.382356
746,8,54,13495.88992
747,8,55,8849.367452
748,8,56,9631.305952
749,8,57,1962.626176
750,8,58,9697.857097
751,8,59,15473.87971
752,8,60,19122.10583
753,8,61,12491.99397
754,8,62,17555.67492
755,8,63,13887.67019
756,8,64,16100.55045
757,8,65,12923.5622
758,8,66,18033.6239
759,8,67,3387.947455
760,8,68,7611.001859
761,8,69,17934.24434
762,8,70,2232.686835
763,8,71,12504.78259
764,8,72,1750.499201
765,8,73,9490.871873
766,8,74,5591.399152
767,8,75,3180.02745
768,8,76,11210.33582
769,8,77,14161.57477
770,8,78,3886.241299
771,8,79,17855.20066
772,8,80,18970.1842
773,8,81,5935.280631
774,8,82,17165.10474
775,8,83,17683.74149
776,8,84,2329.386011
777,8,85,15534.77223
778,8,86,14167.42194
779,8,87,12167.63837
780,8,88,10726.89821
781,8,89,16966.86644
782,8,90,13483.51482
783,8,91,17994.42243
784,8,92,8753.79383
785,8,93,4508.334224
786,8,94,4830.999953
787,8,95,17772.09231
788,8,96,5102.808889
789,8,97,2149.621161
790,8,98,14692.36426
791,8,99,2048.753549
792,8,100,11398.98752
793,9,1,11803.64835
794,9,2,1884.923574
795,9,3,13184.72356
796,9,4,14626.53577
797,9,5,7050.640734
798,9,6,15837.21876
799,9,7,11524.38919
800,9,8,17985.09383
1101,12,13,10430.71166
1102,12,14,9487.75268
1103,12,15,10511.82004
1104,12,16,11433.55656
1105,12,17,16382.78366
1106,12,18,8350.063605
1107,12,19,18940.24621
1108,12,20,14115.0871
1109,12,21,9831.864795
1110,12,22,10822.40055
1111,12,23,9991.022303
1112,12,24,10867.54311
1113,12,25,6477.457667
1114,12,26,13498.97362
1115,12,27,5164.749898
1116,12,28,9952.500458
1117,12,29,12443.32293
1118,12,30,4728.965524
1119,12,31,13536.4599
1120,12,32,7145.573619
1121,12,33,15912.63225
1122,12,34,11000.04134
3200,33,32,11032.79592
3501,36,37,7561.943486
3502,36,38,12129.79026
3503,36,39,10493.83062
3504,36,40,6747.392994
3505,36,41,17899.63233
3506,36,42,8599.397984
3507,36,43,12382.94871
3508,36,44,1989.304411
3509,36,45,11053.73894
3510,36,46,11383.28493
3511,36,47,9477.347012
3512,36,48,16030.80754
3513,36,49,12226.83963
3514,36,50,16062.89221
3515,36,51,17897.73555
3516,36,52,7205.160779
3517,36,53,8536.318332
3518,36,54,11382.74044
3519,36,55,6043.532713
3520,36,56,7851.525503
3521,36,57,1288.130854
3522,36,58,7045.349426
3523,36,59,13240.07393
3524,36,60,17962.22309
3525,36,61,13669.49597
3526,36,62,18860.05023
3527,36,63,16007.26688
3528,36,64,18704.85232
3529,36,65,13890.89515
3530,36,66,15721.16077
3531,36,67,1950.311797
3532,36,68,4809.725469
3533,36,69,16393.53845
3534,36,70,5141.725707
3535,36,71,10774.11014
3536,36,72,1780.656419
3537,36,73,12365.07909
3538,36,74,7372.216853
3539,36,75,2085.18545
3540,36,76,12974.84815
3541,36,77,11433.40472
3542,36,78,6528.366439
3543,36,79,18574.3175
3544,36,80,18016.71982
3545,36,81,3446.404206
3546,36,82,14716.55483
3547,36,83,18679.93534
3548,36,84,656.4266603
3549,36,85,15191.80902
3550,36,86,11888.54877
3551,36,87,15069.41186
3552,36,88,13166.72609
3553,36,89,15443.14837
3554,36,90,12165.89724
3555,36,91,18465.6477
3556,36,92,10167.64921
3557,36,93,1589.497165
3558,36,94,2002.089511
3559,36,95,19300.07206
3560,36,96,4913.812819
3561,36,97,1075.518647
3562,36,98,11780.56226
3563,36,99,1108.112358
3564,36,100,12714.67031
3565,37,1,14242.11808
3566,37,2,11532.3634
3567,37,3,14349.25833
3568,37,4,14342.38173
3569,37,5,8204.219685
3570,37,6,5813.778793
3571,37,7,4433.946827
3572,37,8,10380.44264
3573,37,9,10350.05081
3574,37,10,12375.16885
3575,37,11,16045.3936
3576,37,12,16375.2179
3577,37,13,7388.498891
3578,37,14,14166.16911
3579,37,15,12221.4525
3580,37,16,12120.14738
3581,37,17,5085.183817
3582,37,18,15120.98081
3583,37,19,2576.078853
3584,37,20,3555.122014
3585,37,21,12691.32816
3586,37,22,11686.50389
3587,37,23,7217.210793
3588,37,24,12146.33105
3589,37,25,10462.47412
3590,37,26,3362.893869
3591,37,27,11321.49093
3592,37,28,6786.518379
3593,37,29,4191.176509
3594,37,30,15882.68713
3595,37,31,8177.113101
3596,37,32,16464.19329
3597,37,33,6496.098428
3598,37,34,11261.96148
3599,37,35,7497.733531
3600,37,36,7561.943486
3901,40,41,14821.11229
3902,40,42,3448.318191
3903,40,43,15161.0658
3904,40,44,4759.505979
3905,40,45,8196.193412
3906,40,46,10861.05839
3907,40,47,7965.668526
3908,40,48,14492.32885
3909,40,49,6195.058108
3910,40,50,14097.84023
3911,40,51,15379.28003
3912,40,52,13937.44301
3913,40,53,1810.318733
3914,40,54,11939.71556
3915,40,55,10826.15052
3916,40,56,14237.47459
3917,40,57,5461.493177
3918,40,58,10870.99829
3919,40,59,13307.9555
3920,40,60,14955.07228
3921,40,61,7935.77505
3922,40,62,14344.90665
3923,40,63,9414.057866
3924,40,64,13057.68936
3925,40,65,13965.39239
3926,40,66,14499.15375
3927,40,67,5639.687085
3928,40,68,9877.033262
3929,40,69,16889.20604
3930,40,70,3843.209496
3931,40,71,17068.29781
3932,40,72,6303.574774
3933,40,73,6259.480695
3934,40,74,1192.418176
3935,40,75,5312.764606
3936,40,76,11720.50305
3937,40,77,17453.41596
3938,40,78,5406.600231
3939,40,79,13370.57836
3940,40,80,14469.49507
3941,40,81,10184.91671
3942,40,82,18219.76521
3943,40,83,14545.38179
3944,40,84,6109.079401
3945,40,85,11300.58613
3946,40,86,18629.34643
3947,40,87,8822.528006
3948,40,88,10023.66803
3949,40,89,17762.95142
3950,40,90,10645.77223
3951,40,91,13485.02915
3952,40,92,4273.968473
3953,40,93,8045.564054
3954,40,94,8693.463319
3955,40,95,13938.32617
3956,40,96,4204.649323
3957,40,97,5671.913724
3958,40,98,16356.25427
3959,40,99,6375.637787
3960,40,100,6842.249062
3961,41,1,13326.14068
3962,41,2,1327.484657
3963,41,3,14426.11388
3964,41,4,15246.5213
3965,41,5,9129.576534
3966,41,6,14772.05099
3967,41,7,12868.73803
3968,41,8,19206.9031
3969,41,9,2174.628864
3970,41,10,13793.47315
3971,41,11,10518.85998
3972,41,12,12433.52485
3973,41,13,17021.23106
3974,41,14,5550.072743
3975,41,15,1924.77777
3976,41,16,5962.730533
3977,41,17,10065.57319
3978,41,18,4981.318718
3979,41,19,8472.603838
3980,41,20,13464.93544
3981,41,21,2615.831188
3982,41,22,1689.262595
3983,41,23,17566.87336
3984,41,24,1768.692246
3985,41,25,12339.63349
3986,41,26,13753.18534
3987,41,27,14131.91385
3988,41,28,16988.81537
3989,41,29,14495.83955
3990,41,30,12734.78793
3991,41,31,10625.43847
3992,41,32,6488.601473
3993,41,33,9007.100855
3994,41,34,1814.363034
3995,41,35,17708.22967
3996,41,36,17899.63233
3997,41,37,10393.92502
3998,41,38,6398.540487
3999,41,39,10623.56036
4000,41,40,14821.11229
4301,44,45,10130.95604
4302,44,46,11315.88118
4303,44,47,8819.084314
4304,44,48,16665.12708
4305,44,49,10466.73245
4306,44,50,16485.2611
4307,44,51,19872.19151
4308,44,52,9193.281117
4309,44,53,6554.229801
4310,44,54,11828.01314
4311,44,55,7370.355795
4312,44,56,9721.814136
4313,44,57,701.9923141
4314,44,58,8109.08485
4315,44,59,13805.68089
4316,44,60,19010.28783
4317,44,61,12058.02224
4318,44,62,19004.52421
4319,44,63,14100.43478
4320,44,64,17497.25484
4321,44,65,14460.20637
4322,44,66,16392.49742
4323,44,67,1726.052554
4324,44,68,6152.159783
4325,44,69,18380.00428
4326,44,70,3727.563946
4327,44,71,12671.14457
4328,44,72,2121.809174
4329,44,73,10531.91482
4330,44,74,5436.312978
4331,44,75,1504.061724
4332,44,76,12869.63256
4333,44,77,13343.25798
4334,44,78,5542.652113
4335,44,79,17778.95229
4336,44,80,18464.31055
4337,44,81,5427.26251
4338,44,82,16662.64873
4339,44,83,19194.69124
4340,44,84,1351.050298
4341,44,85,14467.11491
4342,44,86,13877.72795
4343,44,87,13250.8552
4344,44,88,12374.16947
4345,44,89,17394.47527
4346,44,90,11974.6804
4347,44,91,17825.42486
4348,44,92,8384.38459
4349,44,93,3408.281877
4350,44,94,3966.476057
4351,44,95,18689.6313
4352,44,96,3747.602208
4353,44,97,915.7830102
4354,44,98,13454.82288
4355,44,99,1827.2288
4356,44,100,11020.19317
4357,45,1,3812.434448
4358,45,2,9581.962378
4359,45,3,3895.071803
4360,45,4,4434.051388
4361,45,5,10461.07545
4362,45,6,13862.20641
4363,45,7,13614.21143
4364,45,8,8493.052603
4365,45,9,10318.57003
4366,45,10,5672.460933
4367,45,11,2343.816043
4368,45,12,1768.668518
4369,45,13,11843.76689
4370,45,14,7785.544299
4371,45,15,8933.774592
4372,45,16,9861.84222
4373,45,17,16369.57506
4374,45,18,6582.235456
4375,45,19,19300.8326
4376,45,20,15697.3556
4377,45,21,8312.426901
4378,45,22,9328.450059
4379,45,23,11605.40714
4380,45,24,9205.954172
4381,45,25,7680.977018
4382,45,26,15242.84736
4383,45,27,6726.153008
4384,45,28,11690.93475
4385,45,29,14207.60914
4386,45,30,4544.916566
4387,45,31,13204.88879
4388,45,32,5392.726287
4389,45,33,15235.45936
4390,45,34,9603.201062
4391,45,35,11443.08369
4392,45,36,11053.73894
4393,45,37,18047.62688
4394,45,38,16416.57822
4395,45,39,9443.39681
4396,45,40,8196.193412
4397,45,41,10853.81999
4398,45,42,4768.729873
4399,45,43,7251.614217
4400,45,44,10130.95604
201,3,4,1943.603616
202,3,5,9516.827814
203,3,6,10783.6909
204,3,7,10181.35044
205,3,8,5091.004348
206,3,9,13184.72356
207,3,10,2890.651827
208,3,11,3944.777546
209,3,12,2137.314454
210,3,13,8543.038529
211,3,14,11441.26113
212,3,15,12533.27407
213,3,16,13112.71831
214,3,17,15242.99885
215,3,18,10473.10283
216,3,19,16829.81404
217,3,20,12037.23416
218,3,21,11811.38353
219,3,22,12758.4753
220,3,23,7933.049026
221,3,24,12956.50134
222,3,25,5566.035849
223,3,26,11361.66568
224,3,27,3717.93342
225,3,28,7816.56584
226,3,29,10312.62547
227,3,30,5319.691727
228,3,31,13234.76298
229,3,32,9213.644259
230,3,33,15621.36981
231,3,34,12830.99012
232,3,35,7881.698365
233,3,36,7254.06947
234,3,37,14349.25833
235,3,38,19004.01645
236,3,39,10560.98887
237,3,40,7140.289554
238,3,41,14426.11388
239,3,42,4893.972357
240,3,43,8184.305335
241,3,44,6755.776151
242,3,45,3895.071803
243,3,46,4605.946011
244,3,47,2229.234986
245,3,48,16585.9566
246,3,49,11897.63122
247,3,50,16671.06829
248,3,51,13344.94968
249,3,52,10739.53677
250,3,53,7982.337369
251,3,54,18582.11784
252,3,55,13011.88544
253,3,56,8938.213788
254,3,57,6870.129055
255,3,58,14195.72095
256,3,59,19459.06356
257,3,60,14195.45938
258,3,61,13254.13337
259,3,62,12651.53949
260,3,63,12255.49417
261,3,64,11472.49545
262,3,65,7966.870706
263,3,66,16874.6051
264,3,67,8418.505585
265,3,68,11874.36343
266,3,69,13294.6132
267,3,70,3691.019174
268,3,71,10517.98628
269,3,72,5474.921862
270,3,73,7231.265353
271,3,74,8299.803013
272,3,75,8247.787333
273,3,76,6119.46715
274,3,77,14034.04809
275,3,78,1745.474375
276,3,79,14181.19487
277,3,80,14539.68718
278,3,81,8338.975056
279,3,82,14143.89755
280,3,83,12723.19781
281,3,84,6938.733532
282,3,85,16295.69983
283,3,86,12582.78851
284,3,87,8997.940334
285,3,88,5913.013718
286,3,89,12765.60376
287,3,90,17748.51303
288,3,91,14304.1401
289,3,92,10804.3209
290,3,93,8566.632449
291,3,94,8384.000266
292,3,95,13173.36397
293,3,96,9917.722732
294,3,97,6990.738228
295,3,98,15710.80678
296,3,99,6151.522462
297,3,100,12485.23235
298,4,1,3498.788115
299,4,2,14007.55762
300,4,3,1943.603616
601,7,8,7930.366359
602,7,9,11524.38919
603,7,10,7942.506963
604,7,11,11833.1403
605,7,12,12012.67288
606,7,13,6706.500856
607,7,14,18276.81358
608,7,15,13935.51544
609,7,16,16554.07589
610,7,17,8997.497181
611,7,18,17290.58745
612,7,19,6975.242595
613,7,20,5035.616408
614,7,21,13846.92425
615,7,22,13228.57919
616,7,23,5572.320454
617,7,24,14413.56265
618,7,25,6219.724167
619,7,26,3567.883514
620,7,27,6889.697993
621,7,28,4266.780129
622,7,29,2895.245523
623,7,30,14336.94467
624,7,31,11545.4104
625,7,32,18097.51619
626,7,33,10614.41942
627,7,34,12587.62016
628,7,35,6059.239247
629,7,36,5213.732316
630,7,37,4433.946827
631,7,38,9887.27717
632,7,39,14697.40538
633,7,40,11878.14947
634,7,41,12868.73803
635,7,42,13580.24301
636,7,43,9372.972941
637,7,44,7181.713263
638,7,45,13614.21143
639,7,46,11703.94149
640,7,47,11976.85888
641,7,48,11784.98246
642,7,49,15623.92533
643,7,50,12048.541
644,7,51,12698.68806
645,7,52,2100.54043
646,7,53,13588.94271
647,7,54,9052.70833
648,7,55,3740.348145
649,7,56,3852.899644
650,7,57,6490.665558
651,7,58,4960.375876
652,7,59,10024.89908
653,7,60,12844.40798
654,7,61,15708.24116
655,7,62,13792.56506
656,7,63,17589.66815
657,7,64,15069.43571
658,7,65,11619.6564
659,7,66,11537.46935
660,7,67,6306.995019
661,7,68,3472.968236
662,7,69,11231.32977
663,7,70,9953.557405
664,7,71,6162.950181
665,7,72,6259.043733
666,7,73,17235.40246
667,7,74,12265.01099
668,7,75,6619.815637
669,7,76,12611.91437
670,7,77,6249.43928
671,7,78,10529.06907
672,7,79,14206.40474
673,7,80,13126.63223
674,7,81,2074.462091
675,7,82,9502.946802
676,7,83,13590.87939
677,7,84,5869.885892
678,7,85,13552.47252
679,7,86,6752.932223
680,7,87,18588.92475
681,7,88,14389.58272
682,7,89,10382.62837
683,7,90,10925.22534
684,7,91,14055.51556
685,7,92,14200.45692
686,7,93,3832.822347
687,7,94,3216.217458
688,7,95,14093.09663
689,7,96,8731.299307
690,7,97,6269.403955
691,7,98,6920.856794
692,7,99,5883.850076
693,7,100,15613.35708
694,8,1,6330.300318
695,8,2,18073.32382
696,8,3,5091.004348
697,8,4,4065.791133
698,8,5,11366.1366
699,8,6,5693.256118
700,8,7,7930.366359
1001,11,12,2408.931453
1002,11,13,12476.66802
1003,11,14,9217.825599
1004,11,15,8678.070657
1005,11,16,11534.6315
1006,11,17,18680.58177
1007,11,18,7474.343048
1008,11,19,17669.70553
1009,11,20,15623.61042
1010,11,21,7924.651763
1011,11,22,8835.137664
1012,11,23,11724.64617
1013,11,24,9211.88454
1014,11,25,5635.771221
1015,11,26,14505.26497
1016,11,27,5254.567246
1017,11,28,11257.31099
1018,11,29,13344.39355
1019,11,30,6763.726397
1020,11,31,15542.38332
1021,11,32,6713.61459
1022,11,33,17488.67802
1023,11,34,8886.212815
1024,11,35,11747.50683
1025,11,36,10921.7455
1026,11,37,16045.3936
1027,11,38,16914.20633
1028,11,39,11785.66999
1029,11,40,10119.82937
1030,11,41,10518.85998
1031,11,42,6848.220589
1032,11,43,5099.901279
1033,11,44,10693.37991
1034,11,45,2343.816043
1035,11,46,750.3596395
1036,11,47,2196.721338
1037,11,48,12666.6628
1038,11,49,12094.91898
1039,11,50,12803.80716
1040,11,51,9403.5518
1041,11,52,11145.54631
1042,11,53,10131.40605
1043,11,54,17488.54833
1044,11,55,15544.0273
1045,11,56,8734.813468
1046,11,57,10755.523
1047,11,58,16793.48147
1048,11,59,15517.58226
1049,11,60,10277.46304
1050,11,61,12483.90494
1051,11,62,8781.322235
1052,11,63,10177.12082
1053,11,64,7784.454726
1054,11,65,4148.410139
1055,11,66,12944.135
1056,11,67,12322.93298
1057,11,68,14832.31293
1058,11,69,9433.663193
1059,11,70,7456.135586
1060,11,71,8638.831753
1061,11,72,9205.455024
1062,11,73,6652.504685
1063,11,74,11055.61717
1064,11,75,12174.11355
1065,11,76,2176.392202
1066,11,77,12023.17912
1067,11,78,5405.65696
1068,11,79,10530.10933
1069,11,80,10672.21711
1070,11,81,10731.50954
1071,11,82,10625.62533
1072,11,83,8831.252756
1073,11,84,10730.5269
1074,11,85,13649.15235
1075,11,86,10247.91708
1076,11,87,6858.821932
1077,11,88,2682.308079
1078,11,89,9073.829942
1079,11,90,16824.27618
1080,11,91,10625.71639
1081,11,92,12251.40767
1082,11,93,11935.21499
1083,11,94,11489.83839
1084,11,95,9378.229238
1085,11,96,13707.20059
1086,11,97,10852.36817
1087,11,98,13515.77091
1088,11,99,9872.356028
1089,11,100,12369.76477
1090,12,1,2224.379152
1091,12,2,11122.50837
1092,12,3,2137.314454
1093,12,4,3072.761833
1094,12,5,9890.587562
1095,12,6,12603.43468
1096,12,7,12012.67288
1097,12,8,6984.462487
1098,12,9,11555.30898
1099,12,10,4134.049913
1100,12,11,2408.931453
1401,15,16,6066.773335
1402,15,17,11761.61148
1403,15,18,3515.204476
1404,15,19,10395.89175
1405,15,20,15389.49347
1406,15,21,783.9555343
1407,15,22,706.9550455
1408,15,23,19424.8193
1409,15,24,817.8501833
1410,15,25,11489.63859
1411,15,26,15577.54872
1412,15,27,12895.5308
1413,15,28,18144.90372
1414,15,29,16147.50546
1415,15,30,11279.61874
1416,15,31,11672.63295
1417,15,32,4966.077845
1418,15,33,10503.56791
1419,15,34,1350.968303
1420,15,35,19600.86489
1421,15,36,18945.33984
1422,15,37,12221.4525
1423,15,38,8239.365702
1424,15,39,10583.69651
1425,15,40,14207.80368
1426,15,41,1924.77777
1427,15,42,12009.28579
1428,15,43,6637.241323
1429,15,44,18844.56553
1430,15,45,8933.774592
1431,15,46,8130.559958
1432,15,47,10370.12804
1433,15,48,4065.079595
1434,15,49,8857.992426
1435,15,50,4143.751056
1436,15,51,1313.400705
1437,15,52,11884.17919
1438,15,53,12448.60226
1439,15,54,8906.79558
1440,15,55,13749.98012
1441,15,56,11104.51623
1442,15,57,19368.42512
1443,15,58,12924.74568
1444,15,59,6959.307946
1445,15,60,1736.306773
1446,15,61,7401.213532
1447,15,62,161.384224
1448,15,63,5065.682543
1449,15,64,1356.661502
1450,15,65,5308.825161
1451,15,66,4365.989102
1452,15,67,18956.10792
1453,15,68,14981.31017
1454,15,69,2706.120233
1455,15,70,15217.43924
1456,15,71,8195.609473
1457,15,72,17820.36166
1458,15,73,8315.720159
1459,15,74,13662.66881
1460,15,75,18929.22847
1461,15,76,6535.442098
1462,15,77,7829.430512
1463,15,78,13544.04711
1464,15,79,2054.351809
1465,15,80,2006.865063
1466,15,81,15563.70988
1467,15,82,4504.453849
1468,15,83,354.1521735
1469,15,84,19308.03846
1470,15,85,5584.325601
1471,15,86,7192.999538
1472,15,87,5598.539503
1473,15,88,6718.985829
1474,15,89,3583.843449
1475,15,90,8427.654436
1476,15,91,2093.370075
1477,15,92,10915.75434
1478,15,93,17750.95237
1479,15,94,17127.26838
1480,15,95,776.8881804
1481,15,96,16116.17972
1482,15,97,19523.74279
1483,15,98,7718.312282
1484,15,99,18416.59874
1485,15,100,8367.378082
1486,16,1,13641.82377
1487,16,2,6275.290348
1488,16,3,13112.71831
1489,16,4,11983.52929
1490,16,5,15072.69499
1491,16,6,11448.92975
1492,16,7,16554.07589
1493,16,8,13500.80776
1494,16,9,8022.974023
1495,16,10,15532.54498
1496,16,11,11534.6315
1497,16,12,11433.55656
1498,16,13,12699.26093
1499,16,14,2382.160046
1500,16,15,6066.773335
1801,19,20,4995.024575
1802,19,21,11034.05052
1803,19,22,10022.98516
1804,19,23,9103.341848
1805,19,24,10104.46367
1806,19,25,12731.01408
1807,19,26,5486.491947
1808,19,27,13856.60958
1809,19,28,9038.4033
1810,19,29,6517.744123
1811,19,30,15595.56304
1812,19,31,6775.031955
1813,19,32,13944.35279
1814,19,33,4571.704523
1815,19,34,9775.718803
1816,19,35,9250.857312
1817,19,36,9670.787291
1818,19,37,2576.078853
1819,19,38,2944.743085
1820,19,39,10440.68837
1821,19,40,12141.43816
1822,19,41,8472.603838
1823,19,42,15494.15965
1824,19,43,12590.87392
1825,19,44,10543.28026
1826,19,45,19300.8326
1827,19,46,16975.28211
1828,19,47,18946.25159
1829,19,48,6379.118737
1830,19,49,9817.004841
1831,19,50,6392.47582
1832,19,51,9357.853548
1833,19,52,7053.076244
1834,19,53,12229.05562
1835,19,54,2091.883559
1836,19,55,3821.138379
1837,19,56,9342.556002
1838,19,57,10261.5099
1839,19,58,2645.333302
1840,19,59,3598.677258
1841,19,60,8663.380851
1842,19,61,9003.00819
1843,19,62,10257.27164
1844,19,63,10699.16196
1845,19,64,11588.78474
1846,19,65,13851.96416
1847,19,66,6070.167259
1848,19,67,8817.361358
1849,19,68,4960.075352
1850,19,69,8901.470971
1851,19,70,14187.07946
1852,19,71,9051.644522
1853,19,72,11444.6374
1854,19,73,15223.23326
1855,19,74,11271.61778
1856,19,75,9054.399617
1857,19,76,16087.16592
1858,19,77,5651.411082
1859,19,78,16080.71304
1860,19,79,8961.314616
1861,19,80,8440.791317
1862,19,81,8613.385728
1863,19,82,7407.971913
1864,19,83,10145.87291
1865,19,84,10067.50133
1866,19,85,6709.724853
1867,19,86,7429.003969
1868,19,87,14080.61441
1869,19,88,17108.77332
1870,19,89,9021.663039
1871,19,90,3982.74444
1872,19,91,8828.788713
1873,19,92,10007.4766
1874,19,93,8282.975277
1875,19,94,8446.104162
1876,19,95,9850.200956
1877,19,96,8246.405328
1878,19,97,10103.12465
1879,19,98,4217.126347
1880,19,99,10778.42779
1881,19,100,9408.600945
1882,20,1,12759.06159
1883,20,2,14749.96128
1884,20,3,12037.23416
1885,20,4,11265.37023
1886,20,5,10476.87809
1887,20,6,2316.919829
1888,20,7,5035.616408
1889,20,8,7204.364464
1890,20,9,13856.93167
1891,20,10,11416.71154
1892,20,11,15623.61042
1893,20,12,14115.0871
1894,20,13,3912.599659
1895,20,14,14685.15119
1896,20,15,15389.49347
1897,20,16,12317.95241
1898,20,17,4540.01527
1899,20,18,16757.83726
1900,20,19,4995.024575
2201,23,24,19078.667
2202,23,25,8503.323484
2203,23,26,3856.957091
2204,23,27,7260.153189
2205,23,28,1485.25174
2206,23,29,3280.197801
2207,23,30,9319.987272
2208,23,31,8347.558383
2209,23,32,15626.81278
2210,23,33,9313.47261
2211,23,34,18145.25578
2212,23,35,497.0690237
2213,23,36,962.7948565
2214,23,37,7217.210793
2215,23,38,11370.83989
2216,23,39,9756.039936
2217,23,40,6305.976883
2218,23,41,17566.87336
2219,23,42,8592.868447
2220,23,43,13320.89626
2221,23,44,1755.990631
2222,23,45,11605.40714
2223,23,46,12231.93827
2224,23,47,10123.93107
2225,23,48,15468.72191
2226,23,49,11416.92151
2227,23,50,15425.58208
2228,23,51,18116.29187
2229,23,52,7646.235498
2230,23,53,8036.364456
2231,23,54,10669.38456
2232,23,55,5687.092087
2233,23,56,8580.359
2234,23,57,1213.535595
2235,23,58,6543.886724
2236,23,59,12591.40873
2237,23,60,17731.14735
2238,23,61,12780.74657
2239,23,62,19263.50149
2240,23,63,15262.03869
2241,23,64,19248.56887
2242,23,65,14850.18935
2243,23,66,15162.74817
2244,23,67,1013.796934
2245,23,68,4452.671212
2246,23,69,16773.93392
2247,23,70,5375.242982
2248,23,71,11443.73374
2249,23,72,2520.07604
2250,23,73,12273.67442
2251,23,74,6777.319828
2252,23,75,1209.360623
2253,23,76,13830.33374
2254,23,77,11620.81285
2255,23,78,7002.885967
2256,23,79,17734.23179
2257,23,80,17538.50298
2258,23,81,4057.001959
2259,23,82,14946.31689
2260,23,83,19079.48946
2261,23,84,998.0218192
2262,23,85,14256.14315
2263,23,86,12325.20454
2264,23,87,14986.4225
2265,23,88,13798.90673
2266,23,89,15953.3437
2267,23,90,11290.79277
2268,23,91,17659.27381
2269,23,92,9392.356733
2270,23,93,1739.58731
2271,23,94,2430.428116
2272,23,95,18921.20668
2273,23,96,3999.099456
2274,23,97,1020.136732
2275,23,98,11706.57873
2276,23,99,1861.422093
2277,23,100,11866.73794
2278,24,1,12106.08063
2279,24,2,1087.559584
2280,24,3,12956.50134
2281,24,4,13525.78881
2282,24,5,9883.807343
2283,24,6,15837.51379
2284,24,7,14413.56265
2285,24,8,17451.4322
2286,24,9,2971.986179
2287,24,10,13029.78594
2288,24,11,9211.88454
2289,24,12,10867.54311
2290,24,13,17814.01632
2291,24,14,4178.478079
2292,24,15,817.8501833
2293,24,16,5274.206015
2294,24,17,11112.66922
2295,24,18,3239.561161
2296,24,19,10104.46367
2297,24,20,15036.19103
2298,24,21,1531.635024
2299,24,22,1368.145964
2300,24,23,19078.667
2601,27,28,6313.202131
2602,27,29,8101.616158
2603,27,30,9011.645478
2604,27,31,15270.51559
2605,27,32,11927.57782
2606,27,33,16541.27413
2607,27,34,12349.34625
2608,27,35,7506.207886
2609,27,36,6308.817027
2610,27,37,11321.49093
2611,27,38,16689.37659
2612,27,39,13990.30409
2613,27,40,9909.540656
2614,27,41,14131.91385
2615,27,42,8515.399993
2616,27,43,6501.418762
2617,27,44,7098.531286
2618,27,45,6726.153008
2619,27,46,5436.492352
2620,27,47,5106.174988
2621,27,48,15521.66188
2622,27,49,15553.46367
2623,27,50,15896.68806
2624,27,51,12914.138
2625,27,52,7062.058288
2626,27,53,11242.81256
2627,27,54,15902.25079
2628,27,55,10389.88717
2629,27,56,5249.853392
2630,27,57,6761.491386
2631,27,58,11683.44943
2632,27,59,16199.15922
2633,27,60,13870.70474
2634,27,61,16968.34401
2635,27,62,12924.50348
2636,27,63,15372.13213
2637,27,64,12517.92358
2638,27,65,7597.491917
2639,27,66,15580.21373
2640,27,67,8168.856896
2641,27,68,9578.872629
2642,27,69,11978.70898
2643,27,70,6071.219104
2644,27,71,7288.226788
2645,27,72,5018.004161
2646,27,73,10801.83588
2647,27,74,11086.67837
2648,27,75,8190.670553
2649,27,76,6902.616488
2650,27,77,10512.43338
2651,27,78,4969.96277
2652,27,79,14946.6842
2653,27,80,14457.55269
2654,27,81,5490.81363
2655,27,82,11804.10009
2656,27,83,12868.33183
2657,27,84,6413.089223
2658,27,85,18461.21319
2659,27,86,9364.110516
2660,27,87,11969.08506
2661,27,88,7931.873202
2662,27,89,11044.71507
2663,27,90,17807.42948
2664,27,91,14969.00907
2665,27,92,14098.92219
2666,27,93,6879.764031
2667,27,94,6314.565629
2668,27,95,13671.26074
2669,27,96,10844.39093
2670,27,97,6738.906652
2671,27,98,12108.13442
2672,27,99,5528.08597
2673,27,100,16172.96959
2674,28,1,8391.666712
2675,28,2,17631.19173
2676,28,3,7816.56584
2677,28,4,7564.578718
2678,28,5,9070.71342
2679,28,6,4294.816343
2680,28,7,4266.780129
2681,28,8,3834.420065
2682,28,9,15763.89619
2683,28,10,7125.208064
2684,28,11,11257.31099
2685,28,12,9952.500458
2686,28,13,2906.950046
2687,28,14,17084.51924
2688,28,15,18144.90372
2689,28,16,15576.69328
2690,28,17,8722.180996
2691,28,18,18047.44955
2692,28,19,9038.4033
2693,28,20,4369.908632
2694,28,21,17795.21263
2695,28,22,17451.05678
2696,28,23,1485.25174
2697,28,24,18673.49123
2698,28,25,7248.137308
2699,28,26,3551.914121
2700,28,27,6313.202131
3001,31,32,10353.03626
3002,31,33,2443.582595
3003,31,34,12389.6855
3004,31,35,7998.892605
3005,31,36,9301.965116
3006,31,37,8177.113101
3007,31,38,5801.728858
3008,31,39,3810.931848
3009,31,40,6095.785358
3010,31,41,10625.43847
3011,31,42,8898.079077
3012,31,43,18256.35467
3013,31,44,8194.126223
3014,31,45,13204.88879
3015,31,46,16108.22456
3016,31,47,13737.33291
3017,31,48,9091.142021
3018,31,49,4079.324601
3019,31,50,8750.223917
3020,31,51,11832.66952
3021,31,52,12932.24147
3022,31,53,5551.939881
3023,31,54,5924.929961
3024,31,55,8040.255289
3025,31,56,15302.37065
3026,31,57,8597.23608
3027,31,58,7123.220257
3028,31,59,7229.765425
3029,31,60,10884.95061
3030,31,61,4687.966475
3031,31,62,11676.70495
3032,31,63,7471.20037
3033,31,64,11659.98418
3034,31,65,16604.75746
3035,31,66,8960.655731
3036,31,67,7353.189081
3037,31,68,8072.516122
3038,31,69,12747.11806
3039,31,70,9728.985487
3040,31,71,15821.904
3041,31,72,10305.33683
3042,31,73,9105.311995
3043,31,74,4952.378814
3044,31,75,7257.723968
3045,31,76,15795.98326
3046,31,77,12295.16
3047,31,78,11495.0243
3048,31,79,9686.670823
3049,31,80,10293.533
3050,31,81,11582.95423
3051,31,82,12541.2652
3052,31,83,11767.55224
3053,31,84,9038.868069
3054,31,85,6281.405464
3055,31,86,14006.46909
3056,31,87,9888.773365
3057,31,88,13793.19
3058,31,89,13614.73426
3059,31,90,4581.599462
3060,31,91,9692.47837
3061,31,92,3317.36283
3062,31,93,9318.663177
3063,31,94,10087.41825
3064,31,95,10922.74909
3065,31,96,4476.577053
3066,31,97,8655.568024
3067,31,98,10657.22821
3068,31,99,9871.777946
3069,31,100,4139.831294
3070,32,1,9150.361013
3071,32,2,5629.266649
3072,32,3,9213.644259
3073,32,4,9067.519071
3074,32,5,12532.12611
3075,32,6,15100.06867
3076,32,7,18097.51619
3077,32,8,12720.20125
3078,32,9,7294.121102
3079,32,10,10893.85553
3080,32,11,6713.61459
3081,32,12,7145.573619
3082,32,13,14794.87462
3083,32,14,2505.419837
3084,32,15,4966.077845
3085,32,16,4842.793915
3086,32,17,12691.02042
3087,32,18,1507.283593
3088,32,19,13944.35279
3089,32,20,16885.79453
3090,32,21,4817.235278
3091,32,22,5641.423738
3092,32,23,15626.81278
3093,32,24,4743.350439
3094,32,25,12146.06892
3095,32,26,18363.67606
3096,32,27,11927.57782
3097,32,28,16543.9467
3098,32,29,18839.10629
3099,32,30,6321.463859
101,2,3,13098.87067
102,2,4,14007.55762
103,2,5,8836.214566
104,2,6,16082.45775
105,2,7,13367.73482
106,2,8,18073.32382
107,2,9,1884.923574
108,2,10,12632.36219
109,2,11,9194.975463
110,2,12,11122.50837
1123,12,35,9888.066996
1124,12,36,9364.401929
1125,12,37,16375.2179
1126,12,38,18126.9792
1127,12,39,10089.30174
1128,12,40,7751.100777
1129,12,41,12433.52485
1130,12,42,4639.502592
1131,12,43,7420.335078
1132,12,44,8657.681682
1133,12,45,1768.668518
1134,12,46,3159.129716
1135,12,47,214.7676488
1136,12,48,14569.99918
1137,12,49,10946.33562
1138,12,50,14595.07893
1139,12,51,11460.95408
1140,12,52,12110.93391
1141,12,53,7985.373401
1142,12,54,18961.59708
1143,12,55,15126.20537
1144,12,56,9930.105861
1145,12,57,8871.005878
1146,12,58,16331.3803
1147,12,59,17425.47102
1148,12,60,12224.90487
1149,12,61,11921.2182
1150,12,62,10641.97082
1151,12,63,10368.39985
1152,12,64,9379.273478
1153,12,65,6531.403589
1154,12,66,14874.66979
1155,12,67,10370.93796
1156,12,68,14008.9286
1157,12,69,11728.75715
1158,12,70,5154.533369
1159,12,71,10641.27944
1160,12,72,7584.035589
1161,12,73,5675.068896
1162,12,74,8749.624347
1163,12,75,10161.04994
1164,12,76,4404.013008
1165,12,77,14198.29715
1166,12,78,3144.287604
1167,12,79,12057.20766
1168,12,80,12500.13978
1169,12,81,10331.76225
1170,12,82,13026.4416
1171,12,83,10736.38125
1172,12,84,9008.507535
1173,12,85,14374.59482
1174,12,86,12465.5537
1175,12,87,7001.26693
1176,12,88,3812.264098
1177,12,89,11455.47033
1178,12,90,16968.72611
1179,12,91,12184.36527
1180,12,92,10472.06389
1181,12,93,10703.57401
1182,12,94,10509.44996
1183,12,95,11104.14208
1184,12,96,11333.50004
1185,12,97,9013.51176
1186,12,98,15807.87183
1187,12,99,8257.21239
1188,12,100,11413.22535
1189,13,1,9681.926065
1190,13,2,18317.01749
1191,13,3,8543.038529
1192,13,4,7428.193116
1193,13,5,11944.18205
1194,13,6,2250.893763
1195,13,7,6706.500856
1196,13,8,3461.904266
1197,13,9,17735.91014
1198,13,10,9052.528212
1199,13,11,12476.66802
1200,13,12,10430.71166
1501,16,17,7871.040528
1502,16,18,4477.815695
1503,16,19,9588.817069
1504,16,20,12317.95241
1505,16,21,6612.869486
1506,16,22,6627.229348
1507,16,23,14150.38829
1508,16,24,5274.206015
1509,16,25,16902.6678
1510,16,26,13747.21007
1511,16,27,16583.82318
1512,16,28,15576.69328
1513,16,29,14841.1221
1514,16,30,8179.33042
1515,16,31,6068.178665
1516,16,32,4842.793915
1517,16,33,6207.228882
1518,16,34,7209.330005
1519,16,35,13708.68516
1520,16,36,15014.01772
1521,16,37,12120.14738
1522,16,38,6711.800047
1523,16,39,4670.630952
1524,16,40,8894.763671
1525,16,41,5962.730533
1526,16,42,8834.041578
1527,16,43,12469.78465
1528,16,44,13298.93001
1529,16,45,9861.84222
1530,16,46,11538.71777
1531,16,47,11482.63576
1532,16,48,5942.035689
1533,16,49,2832.296234
1534,16,50,5575.65734
1535,16,51,6799.684707
1536,16,52,16085.28389
1537,16,53,7136.585055
1538,16,54,7528.071195
1539,16,55,12946.86514
1540,16,56,16897.93507
1541,16,57,13930.38248
1542,16,58,11671.44653
1543,16,59,6821.366671
1544,16,60,6133.348589
1545,16,61,1396.900946
1546,16,62,6132.813599
1547,16,63,1454.297692
1548,16,64,5679.195594
1549,16,65,10538.10982
1550,16,66,6084.419356
1551,16,67,13141.59453
1552,16,68,13570.26678
1553,16,69,8237.198252
1554,16,70,12165.07699
1555,16,71,13985.01506
1556,16,72,15175.3027
1557,16,73,5883.019685
1558,16,74,7967.030965
1559,16,75,12951.32044
1560,16,76,10336.76641
1561,16,77,11870.29058
1562,16,78,12357.15012
1563,16,79,4551.583309
1564,16,80,5599.234624
1565,16,81,17583.26302
1566,16,82,9353.768422
1567,16,83,6289.047102
1568,16,84,14538.26511
1569,16,85,3267.991254
1570,16,86,12329.29371
1571,16,87,4684.367694
1572,16,88,8878.318239
1573,16,89,9281.703025
1574,16,90,5628.850565
1575,16,91,4644.546316
1576,16,92,4914.681928
1577,16,93,15373.73469
1578,16,94,16153.86097
1579,16,95,5463.638787
1580,16,96,10161.48775
1581,16,97,14080.26694
1582,16,98,10587.60777
1583,16,99,15111.27423
1584,16,100,2301.457314
1585,17,1,16611.60746
1586,17,2,11346.55425
1587,17,3,15242.99885
1588,17,4,13551.84846
1589,17,5,13181.25574
1590,17,6,4756.437679
1591,17,7,8997.497181
1592,17,8,10281.34023
1593,17,9,11588.76961
1594,17,10,15839.20499
1595,17,11,18680.58177
1596,17,12,16382.78366
1597,17,13,6970.827089
1598,17,14,10250.91557
1599,17,15,11761.61148
1600,17,16,7871.040528
1901,20,21,16019.0582
1902,20,22,15000.68708
1903,20,23,4124.319024
1904,20,24,15036.19103
1905,20,25,10807.77882
1906,20,26,1489.933627
1907,20,27,10503.42027
1908,20,28,4369.908632
1909,20,29,2523.254207
1910,20,30,12370.63095
1911,20,31,6537.83421
1912,20,32,16885.79453
1913,20,33,6178.113707
1914,20,34,14684.99599
1915,20,35,4256.148406
1916,20,36,4793.37519
1917,20,37,3555.122014
1918,20,38,7345.544532
1919,20,39,9796.721901
1920,20,40,8562.96034
1921,20,41,13464.93544
1922,20,42,11802.16557
1923,20,43,14354.68844
1924,20,44,5573.197944
1925,20,45,15697.3556
1926,20,46,15934.48427
1927,20,47,14244.95014
1928,20,48,11344.40906
1929,20,49,10599.68968
1930,20,50,11312.1107
1931,20,51,14320.61127
1932,20,52,6742.025302
1933,20,53,9691.648116
1934,20,54,6589.4258
1935,20,55,2268.681796
1936,20,56,8878.666914
1937,20,57,5266.71958
1938,20,58,2573.755379
1939,20,59,8474.774096
1940,20,60,13658.39045
1941,20,61,11056.52301
1942,20,62,15252.1091
1943,20,63,13771.37448
1944,20,64,16519.77716
3100,32,31,10353.03626
3401,35,36,1324.000805
3402,35,37,7497.733531
3403,35,38,11366.42922
3404,35,39,9271.218128
3405,35,40,5821.213881
3406,35,41,17708.22967
3407,35,42,8202.450536
3408,35,43,13701.6474
3409,35,44,1396.06556
3410,35,45,11443.08369
3411,35,46,12298.21745
3412,35,47,10033.48489
3413,35,48,15556.08258
3414,35,49,10951.13937
3415,35,50,15466.86213
3416,35,51,18480.45189
3417,35,52,8138.064752
3418,35,53,7543.217783
3419,35,54,10706.06534
3420,35,55,5975.931822
3421,35,56,9065.544263
3422,35,57,1017.195443
3423,35,58,6750.973793
3424,35,59,12659.51031
3425,35,60,17912.92011
3426,35,61,12352.21672
3427,35,62,19496.92347
3428,35,63,14784.12321
3429,35,64,18844.82106
3430,35,65,15100.36046
3431,35,66,15257.72832
3432,35,67,662.7091017
3433,35,68,4756.10816
3434,35,69,17233.00142
3435,35,70,5103.671908
3436,35,71,11937.87668
3437,35,72,2606.776248
3438,35,73,11842.53636
3439,35,74,6280.316656
3440,35,75,761.6729024
3441,35,76,13892.85721
3442,35,77,12061.99002
3443,35,78,6832.622351
3444,35,79,17564.43285
3445,35,80,17604.58408
3446,35,81,4550.843093
3447,35,82,15382.57371
3448,35,83,19393.76812
3449,35,84,1099.179072
3450,35,85,14037.44177
3451,35,86,12811.59034
3452,35,87,14543.79959
3453,35,88,13668.87488
3454,35,89,16441.8676
3455,35,90,11174.33404
3456,35,91,17518.21974
3457,35,92,8915.168415
3458,35,93,2227.468959
3459,35,94,2927.4734
3460,35,95,18837.76344
3461,35,96,3589.98686
3462,35,97,895.4707938
3463,35,98,12067.95059
3464,35,99,1999.27388
3465,35,100,11415.78721
3466,36,1,8023.993629
3467,36,2,18555.89499
3468,36,3,7254.06947
3469,36,4,6783.772811
3470,36,5,9813.240824
3471,36,6,4192.044343
3472,36,7,5213.732316
3473,36,8,2918.966167
3474,36,9,16672.11148
3475,36,10,6993.446524
3476,36,11,10921.7455
3477,36,12,9364.401929
3478,36,13,2367.62825
3479,36,14,16209.21512
3480,36,15,18945.33984
3481,36,16,15014.01772
3482,36,17,8862.621515
3483,36,18,17144.28483
3484,36,19,9670.787291
3485,36,20,4793.37519
3486,36,21,18346.76663
3487,36,22,18314.04947
3488,36,23,962.7948565
3489,36,24,19626.88021
3490,36,25,7550.325283
3491,36,26,4234.923116
3492,36,27,6308.817027
3493,36,28,953.9653682
3494,36,29,3412.523106
3495,36,30,9352.356067
3496,36,31,9301.965116
3497,36,32,15637.79665
3498,36,33,10252.29617
3499,36,34,17674.78506
3500,36,35,1324.000805
3801,39,40,4330.428077
3802,39,41,10623.56036
3803,39,42,5688.075265
3804,39,43,15873.84826
3805,39,44,8653.918512
3806,39,45,9443.39681
3807,39,46,12305.40628
3808,39,47,10263.08774
3809,39,48,10195.7017
3810,39,49,1874.960383
3811,39,50,9801.272941
3812,39,51,11452.87381
3813,39,52,16532.75962
3814,39,53,2763.044487
3815,39,54,9122.843204
3816,39,55,11676.73652
3817,39,56,18336.38529
3818,39,57,9312.264244
3819,39,58,10892.5386
3820,39,59,9710.989343
3821,39,60,10801.72754
3822,39,61,3607.485919
3823,39,62,10676.26604
3824,39,63,5519.017094
3825,39,64,9853.002249
3826,39,65,13623.57129
3827,39,66,10237.5137
3828,39,67,8812.715338
3829,39,68,11417.51401
3830,39,69,12907.39586
3831,39,70,8017.838932
3832,39,71,18628.02765
3833,39,72,10514.89206
3834,39,73,5313.555921
3835,39,74,3309.339067
3836,39,75,8556.880222
3837,39,76,12110.27526
3838,39,77,15434.79915
3839,39,78,9060.161754
3840,39,79,9222.213625
3841,39,80,10256.66176
3842,39,81,13789.22308
3843,39,82,13889.38041
3844,39,83,10852.08729
3845,39,84,9945.495483
3846,39,85,7026.388265
3847,39,86,16657.30274
3848,39,87,6601.258115
3849,39,88,10055.56271
3850,39,89,13950.40358
3851,39,90,7255.140756
3852,39,91,9313.995486
3853,39,92,529.5293029
3854,39,93,11328.55286
3855,39,94,12118.87042
3856,39,95,10070.02404
3857,39,96,6041.23144
